0000000000
0000000000
0000000000
0000000000
0000000001
0000000011
0000000111
0000001111
0000011111
0000111111




0000000000
0000001000
0000011000
0000111000
0001111000
0000000000
0000011000
0000001000
0000000000
0000000000






0000000000
0000000000
0000000000
0000000000
1000000000
0000000000
0000000000
0000000000
0000000000
0000000000


1111111111
1111111110
1111111100
1111111000
1111110000
1111100000
1111000000
1110000000
1100000000
1000000000



0000000000
0000000000
0000010000
0000110000
0001110000
0011110000
0001110000
0000110000
0000010000
0000000000

0000000000
0100000000
0000000000
0000000000
0000000000
0000000000
0000000000
0000000000
0000000000
0000000000



0010000000
0111000000
0000000000
0000000000
0000000000
0000000000
0000000000
0000000000
0000000000
0000000000

0111000000
0010000000
0000000000
0000000000
0000000000
0000000000
0000000000
0000000000
0000000000
0000000000


0100000000
0110000000
0100000000
0000000000
0000000000
0000000000
0000000000
0000000000
0000000000
0000000000


0100000000
1100000000
0100000000
0000000000
0000000000
0000000000
0000000000
0000000000
0000000000
0000000000


0000000000
0000001000
0000011000
0000111000
0001111000
0000111000
0000011000
0000001000
0000000000
0000000000



0000000000
1100000000
0100000000
0000000000
0000000000
0000000000
0000000000
0000000000
0000000000
0000000000

0000000000
0000000000
0000000000
0000000000
0000000000
0000000000
0000000000
1000000000
1100000000
1110000000


0000000111
0000000011
0000000001
0000000000
0000000000
0000000000
0000000000
0000000000
0000000000
0000000000


1110000000
1100000000
1000000000
0000000000
0000000000
0000000000
0000000000
0000000000
0000000000
0000000000
0000000000


1110000000
0110000000
0010000000
0000000000
0000000000
0000000000
0000000000
0000000000
0000000000
0000000000
0000000000





0000000000
0000001000
0000011000
0000111000
0001111000
0000111000
0000011000
0000001000
0000000000
0000000000