0000000000
0000000000
0000000000
0000000000
0000000000
0000000000
0000100000
0001100000
0011111000
0000000000


0000000000
0000000000
0000010000
0000110000
0000110000
0011110000
0001110000
0001110000
0000010000
0000000000


0000000000
0000000000
0000000000
0000000000
0000000000
0000000000
0000000000
0000000000
0000100000
1111111110
0000000000




0000000000
0000001000
0000011000
0000111000
0001111000
0000111000
0000011000
0000001000
0000000000
0000000000


0000000000
0000100000
0000000000
0000100000
0000000000
0000100000
0000000000
0000000000
0000000000
0000000000







































